2.500000000000000139e-02
5.000000000000000278e-02
7.499999999999999722e-02
1.000000000000000056e-01
1.250000000000000000e-01
1.499999999999999944e-01
1.749999999999999889e-01
2.000000000000000111e-01
2.250000000000000056e-01
2.500000000000000000e-01
2.750000000000000222e-01
2.999999999999999889e-01
3.250000000000000111e-01
3.499999999999999778e-01
3.750000000000000000e-01
4.000000000000000222e-01
4.249999999999999889e-01
4.500000000000000111e-01
4.749999999999999778e-01
5.000000000000000000e-01
5.250000000000000222e-01
5.500000000000000444e-01
5.749999999999999556e-01
5.999999999999999778e-01
6.250000000000000000e-01
6.500000000000000222e-01
6.750000000000000444e-01
6.999999999999999556e-01
7.249999999999999778e-01
7.500000000000000000e-01
7.750000000000000222e-01
8.000000000000000444e-01
8.249999999999999556e-01
8.499999999999999778e-01
8.750000000000000000e-01
9.000000000000000222e-01
9.250000000000000444e-01
9.499999999999999556e-01
9.749999999999999778e-01
1.000000000000000000e+00
1.024999999999999911e+00
1.050000000000000044e+00
1.074999999999999956e+00
1.100000000000000089e+00
1.125000000000000000e+00
1.149999999999999911e+00
1.175000000000000044e+00
1.199999999999999956e+00
1.225000000000000089e+00
1.250000000000000000e+00
1.274999999999999911e+00
1.300000000000000044e+00
1.324999999999999956e+00
1.350000000000000089e+00
1.375000000000000000e+00
1.399999999999999911e+00
1.425000000000000044e+00
1.449999999999999956e+00
1.475000000000000089e+00
1.500000000000000000e+00
1.524999999999999911e+00
1.550000000000000044e+00
1.574999999999999956e+00
1.600000000000000089e+00
1.625000000000000000e+00
1.649999999999999911e+00
1.675000000000000044e+00
1.699999999999999956e+00
1.725000000000000089e+00
1.750000000000000000e+00
1.774999999999999911e+00
1.800000000000000044e+00
1.824999999999999956e+00
1.850000000000000089e+00
1.875000000000000000e+00
1.899999999999999911e+00
1.925000000000000044e+00
1.949999999999999956e+00
1.975000000000000089e+00
2.000000000000000000e+00
2.024999999999999911e+00
2.049999999999999822e+00
2.075000000000000178e+00
2.100000000000000089e+00
2.125000000000000000e+00
2.149999999999999911e+00
2.174999999999999822e+00
2.200000000000000178e+00
2.225000000000000089e+00
2.250000000000000000e+00
2.274999999999999911e+00
2.299999999999999822e+00
2.325000000000000178e+00
2.350000000000000089e+00
2.375000000000000000e+00
2.399999999999999911e+00
2.424999999999999822e+00
2.450000000000000178e+00
2.475000000000000089e+00
2.500000000000000000e+00
2.524999999999999911e+00
2.549999999999999822e+00
2.575000000000000178e+00
2.600000000000000089e+00
2.625000000000000000e+00
2.649999999999999911e+00
2.674999999999999822e+00
2.700000000000000178e+00
2.725000000000000089e+00
2.750000000000000000e+00
2.774999999999999911e+00
2.799999999999999822e+00
2.825000000000000178e+00
2.850000000000000089e+00
2.875000000000000000e+00
2.899999999999999911e+00
2.924999999999999822e+00
2.950000000000000178e+00
2.975000000000000089e+00
3.000000000000000000e+00
3.024999999999999911e+00
3.049999999999999822e+00
3.075000000000000178e+00
3.100000000000000089e+00
3.125000000000000000e+00
3.149999999999999911e+00
3.174999999999999822e+00
3.200000000000000178e+00
3.225000000000000089e+00
3.250000000000000000e+00
3.274999999999999911e+00
3.299999999999999822e+00
3.325000000000000178e+00
3.350000000000000089e+00
3.375000000000000000e+00
3.399999999999999911e+00
3.424999999999999822e+00
3.450000000000000178e+00
3.475000000000000089e+00
3.500000000000000000e+00
3.524999999999999911e+00
3.549999999999999822e+00
3.575000000000000178e+00
3.600000000000000089e+00
3.625000000000000000e+00
3.649999999999999911e+00
3.674999999999999822e+00
3.700000000000000178e+00
3.725000000000000089e+00
3.750000000000000000e+00
3.774999999999999911e+00
3.799999999999999822e+00
3.825000000000000178e+00
3.850000000000000089e+00
3.875000000000000000e+00
3.899999999999999911e+00
3.924999999999999822e+00
3.950000000000000178e+00
3.975000000000000089e+00
4.000000000000000000e+00
4.025000000000000355e+00
4.049999999999999822e+00
4.075000000000000178e+00
4.099999999999999645e+00
4.125000000000000000e+00
4.150000000000000355e+00
4.174999999999999822e+00
4.200000000000000178e+00
4.224999999999999645e+00
4.250000000000000000e+00
4.275000000000000355e+00
4.299999999999999822e+00
4.325000000000000178e+00
4.349999999999999645e+00
4.375000000000000000e+00
4.400000000000000355e+00
4.424999999999999822e+00
4.450000000000000178e+00
4.474999999999999645e+00
4.500000000000000000e+00
4.525000000000000355e+00
4.549999999999999822e+00
4.575000000000000178e+00
4.599999999999999645e+00
4.625000000000000000e+00
4.650000000000000355e+00
4.674999999999999822e+00
4.700000000000000178e+00
4.724999999999999645e+00
4.750000000000000000e+00
4.775000000000000355e+00
4.799999999999999822e+00
4.825000000000000178e+00
4.849999999999999645e+00
4.875000000000000000e+00
4.900000000000000355e+00
4.924999999999999822e+00
4.950000000000000178e+00
4.974999999999999645e+00
5.000000000000000000e+00
5.025000000000000355e+00
5.049999999999999822e+00
5.075000000000000178e+00
5.099999999999999645e+00
5.125000000000000000e+00
5.150000000000000355e+00
5.174999999999999822e+00
5.200000000000000178e+00
5.224999999999999645e+00
5.250000000000000000e+00
5.275000000000000355e+00
5.299999999999999822e+00
5.325000000000000178e+00
5.349999999999999645e+00
5.375000000000000000e+00
5.400000000000000355e+00
5.424999999999999822e+00
5.450000000000000178e+00
5.474999999999999645e+00
5.500000000000000000e+00
5.525000000000000355e+00
5.549999999999999822e+00
5.575000000000000178e+00
5.599999999999999645e+00
5.625000000000000000e+00
5.650000000000000355e+00
5.674999999999999822e+00
5.700000000000000178e+00
5.724999999999999645e+00
5.750000000000000000e+00
5.775000000000000355e+00
5.799999999999999822e+00
5.825000000000000178e+00
5.849999999999999645e+00
5.875000000000000000e+00
5.900000000000000355e+00
5.924999999999999822e+00
5.950000000000000178e+00
5.974999999999999645e+00
6.000000000000000000e+00
6.025000000000000355e+00
6.049999999999999822e+00
6.075000000000000178e+00
6.099999999999999645e+00
6.125000000000000000e+00
6.150000000000000355e+00
6.174999999999999822e+00
6.200000000000000178e+00
6.224999999999999645e+00
6.250000000000000000e+00
6.275000000000000355e+00
6.299999999999999822e+00
6.325000000000000178e+00
6.349999999999999645e+00
6.375000000000000000e+00
6.400000000000000355e+00
6.424999999999999822e+00
6.450000000000000178e+00
6.474999999999999645e+00
6.500000000000000000e+00
6.525000000000000355e+00
6.549999999999999822e+00
6.575000000000000178e+00
6.599999999999999645e+00
6.625000000000000000e+00
6.650000000000000355e+00
6.674999999999999822e+00
6.700000000000000178e+00
6.724999999999999645e+00
6.750000000000000000e+00
6.775000000000000355e+00
6.799999999999999822e+00
6.825000000000000178e+00
6.849999999999999645e+00
6.875000000000000000e+00
6.900000000000000355e+00
6.924999999999999822e+00
6.950000000000000178e+00
6.974999999999999645e+00
7.000000000000000000e+00
7.025000000000000355e+00
7.049999999999999822e+00
7.075000000000000178e+00
7.099999999999999645e+00
7.125000000000000000e+00
7.150000000000000355e+00
7.174999999999999822e+00
7.200000000000000178e+00
7.224999999999999645e+00
7.250000000000000000e+00
7.275000000000000355e+00
7.299999999999999822e+00
7.325000000000000178e+00
7.349999999999999645e+00
7.375000000000000000e+00
7.400000000000000355e+00
7.424999999999999822e+00
7.450000000000000178e+00
7.474999999999999645e+00
7.500000000000000000e+00
7.525000000000000355e+00
7.549999999999999822e+00
7.575000000000000178e+00
7.599999999999999645e+00
7.625000000000000000e+00
7.650000000000000355e+00
7.674999999999999822e+00
7.700000000000000178e+00
7.724999999999999645e+00
7.750000000000000000e+00
7.775000000000000355e+00
7.799999999999999822e+00
7.825000000000000178e+00
7.849999999999999645e+00
7.875000000000000000e+00
7.900000000000000355e+00
7.924999999999999822e+00
7.950000000000000178e+00
7.974999999999999645e+00
8.000000000000000000e+00
8.025000000000000355e+00
8.050000000000000711e+00
8.074999999999999289e+00
8.099999999999999645e+00
8.125000000000000000e+00
8.150000000000000355e+00
8.175000000000000711e+00
8.199999999999999289e+00
8.224999999999999645e+00
8.250000000000000000e+00
8.275000000000000355e+00
8.300000000000000711e+00
8.324999999999999289e+00
8.349999999999999645e+00
8.375000000000000000e+00
8.400000000000000355e+00
8.425000000000000711e+00
8.449999999999999289e+00
8.474999999999999645e+00
8.500000000000000000e+00
8.525000000000000355e+00
8.550000000000000711e+00
8.574999999999999289e+00
8.599999999999999645e+00
8.625000000000000000e+00
8.650000000000000355e+00
8.675000000000000711e+00
8.699999999999999289e+00
8.724999999999999645e+00
8.750000000000000000e+00
8.775000000000000355e+00
8.800000000000000711e+00
8.824999999999999289e+00
8.849999999999999645e+00
8.875000000000000000e+00
8.900000000000000355e+00
8.925000000000000711e+00
8.949999999999999289e+00
8.974999999999999645e+00
9.000000000000000000e+00
9.025000000000000355e+00
9.050000000000000711e+00
9.074999999999999289e+00
9.099999999999999645e+00
9.125000000000000000e+00
9.150000000000000355e+00
9.175000000000000711e+00
9.199999999999999289e+00
9.224999999999999645e+00
9.250000000000000000e+00
9.275000000000000355e+00
9.300000000000000711e+00
9.324999999999999289e+00
9.349999999999999645e+00
9.375000000000000000e+00
9.400000000000000355e+00
9.425000000000000711e+00
9.449999999999999289e+00
9.474999999999999645e+00
9.500000000000000000e+00
9.525000000000000355e+00
9.550000000000000711e+00
9.574999999999999289e+00
9.599999999999999645e+00
9.625000000000000000e+00
9.650000000000000355e+00
9.675000000000000711e+00
9.699999999999999289e+00
9.724999999999999645e+00
9.750000000000000000e+00
9.775000000000000355e+00
9.800000000000000711e+00
9.824999999999999289e+00
9.849999999999999645e+00
9.875000000000000000e+00
9.900000000000000355e+00
9.925000000000000711e+00
9.949999999999999289e+00
9.974999999999999645e+00
1.000000000000000000e+01
1.002500000000000036e+01
1.005000000000000071e+01
1.007499999999999929e+01
1.009999999999999964e+01
1.012500000000000000e+01
1.015000000000000036e+01
1.017500000000000071e+01
1.019999999999999929e+01
1.022499999999999964e+01
1.025000000000000000e+01
1.027500000000000036e+01
1.030000000000000071e+01
1.032499999999999929e+01
1.034999999999999964e+01
1.037500000000000000e+01
1.040000000000000036e+01
1.042500000000000071e+01
1.044999999999999929e+01
1.047499999999999964e+01
1.050000000000000000e+01
1.052500000000000036e+01
1.055000000000000071e+01
1.057499999999999929e+01
1.059999999999999964e+01
1.062500000000000000e+01
1.065000000000000036e+01
1.067500000000000071e+01
1.069999999999999929e+01
1.072499999999999964e+01
1.075000000000000000e+01
1.077500000000000036e+01
1.080000000000000071e+01
1.082499999999999929e+01
1.084999999999999964e+01
1.087500000000000000e+01
1.090000000000000036e+01
1.092500000000000071e+01
1.094999999999999929e+01
1.097499999999999964e+01
1.100000000000000000e+01
1.102500000000000036e+01
1.105000000000000071e+01
1.107499999999999929e+01
1.109999999999999964e+01
1.112500000000000000e+01
1.115000000000000036e+01
1.117500000000000071e+01
1.119999999999999929e+01
1.122499999999999964e+01
1.125000000000000000e+01
1.127500000000000036e+01
1.130000000000000071e+01
1.132499999999999929e+01
1.134999999999999964e+01
1.137500000000000000e+01
1.140000000000000036e+01
1.142500000000000071e+01
1.144999999999999929e+01
1.147499999999999964e+01
1.150000000000000000e+01
1.152500000000000036e+01
1.155000000000000071e+01
1.157499999999999929e+01
1.159999999999999964e+01
1.162500000000000000e+01
1.165000000000000036e+01
1.167500000000000071e+01
1.169999999999999929e+01
1.172499999999999964e+01
1.175000000000000000e+01
1.177500000000000036e+01
1.180000000000000071e+01
1.182499999999999929e+01
1.184999999999999964e+01
1.187500000000000000e+01
1.190000000000000036e+01
1.192500000000000071e+01
1.194999999999999929e+01
1.197499999999999964e+01
1.200000000000000000e+01
1.202500000000000036e+01
1.205000000000000071e+01
1.207499999999999929e+01
1.209999999999999964e+01
1.212500000000000000e+01
1.215000000000000036e+01
1.217500000000000071e+01
1.219999999999999929e+01
1.222499999999999964e+01
1.225000000000000000e+01
1.227500000000000036e+01
1.230000000000000071e+01
1.232499999999999929e+01
1.234999999999999964e+01
1.237500000000000000e+01
1.240000000000000036e+01
1.242500000000000071e+01
1.244999999999999929e+01
1.247499999999999964e+01
1.250000000000000000e+01
1.252500000000000036e+01
1.255000000000000071e+01
1.257499999999999929e+01
1.259999999999999964e+01
1.262500000000000000e+01
1.265000000000000036e+01
1.267500000000000071e+01
1.269999999999999929e+01
1.272499999999999964e+01
1.275000000000000000e+01
1.277500000000000036e+01
1.280000000000000071e+01
1.282499999999999929e+01
1.284999999999999964e+01
1.287500000000000000e+01
1.290000000000000036e+01
1.292500000000000071e+01
1.294999999999999929e+01
1.297499999999999964e+01
1.300000000000000000e+01
1.302500000000000036e+01
1.305000000000000071e+01
1.307499999999999929e+01
1.309999999999999964e+01
1.312500000000000000e+01
1.315000000000000036e+01
1.317500000000000071e+01
1.319999999999999929e+01
1.322499999999999964e+01
1.325000000000000000e+01
1.327500000000000036e+01
1.330000000000000071e+01
1.332499999999999929e+01
1.334999999999999964e+01
1.337500000000000000e+01
1.340000000000000036e+01
1.342500000000000071e+01
1.344999999999999929e+01
1.347499999999999964e+01
1.350000000000000000e+01
1.352500000000000036e+01
1.355000000000000071e+01
1.357499999999999929e+01
1.359999999999999964e+01
1.362500000000000000e+01
1.365000000000000036e+01
1.367500000000000071e+01
1.369999999999999929e+01
1.372499999999999964e+01
1.375000000000000000e+01
1.377500000000000036e+01
1.380000000000000071e+01
1.382499999999999929e+01
1.384999999999999964e+01
1.387500000000000000e+01
1.390000000000000036e+01
1.392500000000000071e+01
1.394999999999999929e+01
1.397499999999999964e+01
1.400000000000000000e+01
1.402500000000000036e+01
1.405000000000000071e+01
1.407499999999999929e+01
1.409999999999999964e+01
1.412500000000000000e+01
1.415000000000000036e+01
1.417500000000000071e+01
1.419999999999999929e+01
1.422499999999999964e+01
1.425000000000000000e+01
1.427500000000000036e+01
1.430000000000000071e+01
1.432499999999999929e+01
1.434999999999999964e+01
1.437500000000000000e+01
1.440000000000000036e+01
1.442500000000000071e+01
1.444999999999999929e+01
1.447499999999999964e+01
1.450000000000000000e+01
1.452500000000000036e+01
1.455000000000000071e+01
1.457499999999999929e+01
1.459999999999999964e+01
1.462500000000000000e+01
1.465000000000000036e+01
1.467500000000000071e+01
1.469999999999999929e+01
1.472499999999999964e+01
1.475000000000000000e+01
1.477500000000000036e+01
1.480000000000000071e+01
1.482499999999999929e+01
1.484999999999999964e+01
1.487500000000000000e+01
1.490000000000000036e+01
1.492500000000000071e+01
1.494999999999999929e+01
1.497499999999999964e+01
1.500000000000000000e+01
1.502500000000000036e+01
1.505000000000000071e+01
1.507499999999999929e+01
1.509999999999999964e+01
1.512500000000000000e+01
1.515000000000000036e+01
1.517500000000000071e+01
1.519999999999999929e+01
1.522499999999999964e+01
1.525000000000000000e+01
1.527500000000000036e+01
1.530000000000000071e+01
1.532499999999999929e+01
1.534999999999999964e+01
1.537500000000000000e+01
1.540000000000000036e+01
1.542500000000000071e+01
1.544999999999999929e+01
1.547499999999999964e+01
1.550000000000000000e+01
1.552500000000000036e+01
1.555000000000000071e+01
1.557499999999999929e+01
1.559999999999999964e+01
1.562500000000000000e+01
1.565000000000000036e+01
1.567500000000000071e+01
1.569999999999999929e+01
1.572499999999999964e+01
1.575000000000000000e+01
1.577500000000000036e+01
1.580000000000000071e+01
1.582499999999999929e+01
1.584999999999999964e+01
1.587500000000000000e+01
1.590000000000000036e+01
1.592500000000000071e+01
1.594999999999999929e+01
1.597499999999999964e+01
1.600000000000000000e+01
1.602499999999999858e+01
1.605000000000000071e+01
1.607499999999999929e+01
1.610000000000000142e+01
1.612500000000000000e+01
1.614999999999999858e+01
1.617500000000000071e+01
1.619999999999999929e+01
1.622500000000000142e+01
1.625000000000000000e+01
1.627499999999999858e+01
1.630000000000000071e+01
1.632499999999999929e+01
1.635000000000000142e+01
1.637500000000000000e+01
1.639999999999999858e+01
1.642500000000000071e+01
1.644999999999999929e+01
1.647500000000000142e+01
1.650000000000000000e+01
1.652499999999999858e+01
1.655000000000000071e+01
1.657499999999999929e+01
1.660000000000000142e+01
1.662500000000000000e+01
1.664999999999999858e+01
1.667500000000000071e+01
1.669999999999999929e+01
1.672500000000000142e+01
1.675000000000000000e+01
1.677499999999999858e+01
1.680000000000000071e+01
1.682499999999999929e+01
1.685000000000000142e+01
1.687500000000000000e+01
1.689999999999999858e+01
1.692500000000000071e+01
1.694999999999999929e+01
1.697500000000000142e+01
1.700000000000000000e+01
1.702499999999999858e+01
1.705000000000000071e+01
1.707499999999999929e+01
1.710000000000000142e+01
1.712500000000000000e+01
1.714999999999999858e+01
1.717500000000000071e+01
1.719999999999999929e+01
1.722500000000000142e+01
1.725000000000000000e+01
1.727499999999999858e+01
1.730000000000000071e+01
1.732499999999999929e+01
1.735000000000000142e+01
1.737500000000000000e+01
1.739999999999999858e+01
1.742500000000000071e+01
1.744999999999999929e+01
1.747500000000000142e+01
1.750000000000000000e+01
1.752499999999999858e+01
1.755000000000000071e+01
1.757499999999999929e+01
1.760000000000000142e+01
1.762500000000000000e+01
1.764999999999999858e+01
1.767500000000000071e+01
1.769999999999999929e+01
1.772500000000000142e+01
1.775000000000000000e+01
1.777499999999999858e+01
1.780000000000000071e+01
1.782499999999999929e+01
1.785000000000000142e+01
1.787500000000000000e+01
1.789999999999999858e+01
1.792500000000000071e+01
1.794999999999999929e+01
1.797500000000000142e+01
1.800000000000000000e+01
1.802499999999999858e+01
1.805000000000000071e+01
1.807499999999999929e+01
1.810000000000000142e+01
1.812500000000000000e+01
1.814999999999999858e+01
1.817500000000000071e+01
1.819999999999999929e+01
1.822500000000000142e+01
1.825000000000000000e+01
1.827499999999999858e+01
1.830000000000000071e+01
1.832499999999999929e+01
1.835000000000000142e+01
1.837500000000000000e+01
1.839999999999999858e+01
1.842500000000000071e+01
1.844999999999999929e+01
1.847500000000000142e+01
1.850000000000000000e+01
1.852499999999999858e+01
1.855000000000000071e+01
1.857499999999999929e+01
1.860000000000000142e+01
1.862500000000000000e+01
1.864999999999999858e+01
1.867500000000000071e+01
1.869999999999999929e+01
1.872500000000000142e+01
1.875000000000000000e+01
1.877499999999999858e+01
1.880000000000000071e+01
1.882499999999999929e+01
1.885000000000000142e+01
1.887500000000000000e+01
1.889999999999999858e+01
1.892500000000000071e+01
1.894999999999999929e+01
1.897500000000000142e+01
1.900000000000000000e+01
1.902499999999999858e+01
1.905000000000000071e+01
1.907499999999999929e+01
1.910000000000000142e+01
1.912500000000000000e+01
1.914999999999999858e+01
1.917500000000000071e+01
1.919999999999999929e+01
1.922500000000000142e+01
1.925000000000000000e+01
1.927499999999999858e+01
1.930000000000000071e+01
1.932499999999999929e+01
1.935000000000000142e+01
1.937500000000000000e+01
1.939999999999999858e+01
1.942500000000000071e+01
1.944999999999999929e+01
1.947500000000000142e+01
1.950000000000000000e+01
1.952499999999999858e+01
1.955000000000000071e+01
1.957499999999999929e+01
1.960000000000000142e+01
1.962500000000000000e+01
1.964999999999999858e+01
1.967500000000000071e+01
1.969999999999999929e+01
1.972500000000000142e+01
1.975000000000000000e+01
1.977499999999999858e+01
1.980000000000000071e+01
1.982499999999999929e+01
1.985000000000000142e+01
1.987500000000000000e+01
1.989999999999999858e+01
1.992500000000000071e+01
1.994999999999999929e+01
1.997500000000000142e+01
2.000000000000000000e+01
2.002499999999999858e+01
2.005000000000000071e+01
2.007499999999999929e+01
2.010000000000000142e+01
2.012500000000000000e+01
2.014999999999999858e+01
2.017500000000000071e+01
2.019999999999999929e+01
2.022500000000000142e+01
2.025000000000000000e+01
2.027499999999999858e+01
2.030000000000000071e+01
2.032499999999999929e+01
2.035000000000000142e+01
2.037500000000000000e+01
2.039999999999999858e+01
2.042500000000000071e+01
2.044999999999999929e+01
2.047500000000000142e+01
2.050000000000000000e+01
2.052499999999999858e+01
2.055000000000000071e+01
2.057499999999999929e+01
2.060000000000000142e+01
2.062500000000000000e+01
2.064999999999999858e+01
2.067500000000000071e+01
2.069999999999999929e+01
2.072500000000000142e+01
2.075000000000000000e+01
2.077499999999999858e+01
2.080000000000000071e+01
2.082499999999999929e+01
2.085000000000000142e+01
2.087500000000000000e+01
2.089999999999999858e+01
2.092500000000000071e+01
2.094999999999999929e+01
2.097500000000000142e+01
2.100000000000000000e+01
2.102499999999999858e+01
2.105000000000000071e+01
2.107499999999999929e+01
2.110000000000000142e+01
2.112500000000000000e+01
2.114999999999999858e+01
2.117500000000000071e+01
2.119999999999999929e+01
2.122500000000000142e+01
2.125000000000000000e+01
2.127499999999999858e+01
2.130000000000000071e+01
2.132499999999999929e+01
2.135000000000000142e+01
2.137500000000000000e+01
2.139999999999999858e+01
2.142500000000000071e+01
2.144999999999999929e+01
2.147500000000000142e+01
2.150000000000000000e+01
2.152499999999999858e+01
2.155000000000000071e+01
2.157499999999999929e+01
2.160000000000000142e+01
2.162500000000000000e+01
2.164999999999999858e+01
2.167500000000000071e+01
2.169999999999999929e+01
2.172500000000000142e+01
2.175000000000000000e+01
2.177499999999999858e+01
2.180000000000000071e+01
2.182499999999999929e+01
2.185000000000000142e+01
2.187500000000000000e+01
2.189999999999999858e+01
2.192500000000000071e+01
2.194999999999999929e+01
2.197500000000000142e+01
2.200000000000000000e+01
2.202499999999999858e+01
2.205000000000000071e+01
2.207499999999999929e+01
2.210000000000000142e+01
2.212500000000000000e+01
2.214999999999999858e+01
2.217500000000000071e+01
2.219999999999999929e+01
2.222500000000000142e+01
2.225000000000000000e+01
2.227499999999999858e+01
2.230000000000000071e+01
2.232499999999999929e+01
2.235000000000000142e+01
2.237500000000000000e+01
2.239999999999999858e+01
2.242500000000000071e+01
2.244999999999999929e+01
2.247500000000000142e+01
2.250000000000000000e+01
2.252499999999999858e+01
2.255000000000000071e+01
2.257499999999999929e+01
2.260000000000000142e+01
2.262500000000000000e+01
2.264999999999999858e+01
2.267500000000000071e+01
2.269999999999999929e+01
2.272500000000000142e+01
2.275000000000000000e+01
2.277499999999999858e+01
2.280000000000000071e+01
2.282499999999999929e+01
2.285000000000000142e+01
2.287500000000000000e+01
2.289999999999999858e+01
2.292500000000000071e+01
2.294999999999999929e+01
2.297500000000000142e+01
2.300000000000000000e+01
2.302499999999999858e+01
2.305000000000000071e+01
2.307499999999999929e+01
2.310000000000000142e+01
2.312500000000000000e+01
2.314999999999999858e+01
2.317500000000000071e+01
2.319999999999999929e+01
2.322500000000000142e+01
2.325000000000000000e+01
2.327499999999999858e+01
2.330000000000000071e+01
2.332499999999999929e+01
2.335000000000000142e+01
2.337500000000000000e+01
2.339999999999999858e+01
2.342500000000000071e+01
2.344999999999999929e+01
2.347500000000000142e+01
2.350000000000000000e+01
2.352499999999999858e+01
2.355000000000000071e+01
2.357499999999999929e+01
2.360000000000000142e+01
2.362500000000000000e+01
2.364999999999999858e+01
2.367500000000000071e+01
2.369999999999999929e+01
2.372500000000000142e+01
2.375000000000000000e+01
2.377499999999999858e+01
2.380000000000000071e+01
2.382499999999999929e+01
2.385000000000000142e+01
2.387500000000000000e+01
2.389999999999999858e+01
2.392500000000000071e+01
2.394999999999999929e+01
2.397500000000000142e+01
2.400000000000000000e+01
2.402499999999999858e+01
2.405000000000000071e+01
2.407499999999999929e+01
2.410000000000000142e+01
2.412500000000000000e+01
2.414999999999999858e+01
2.417500000000000071e+01
2.419999999999999929e+01
2.422500000000000142e+01
2.425000000000000000e+01
2.427499999999999858e+01
2.430000000000000071e+01
2.432499999999999929e+01
2.435000000000000142e+01
2.437500000000000000e+01
2.439999999999999858e+01
2.442500000000000071e+01
2.444999999999999929e+01
2.447500000000000142e+01
2.450000000000000000e+01
2.452499999999999858e+01
2.455000000000000071e+01
2.457499999999999929e+01
2.460000000000000142e+01
2.462500000000000000e+01
2.464999999999999858e+01
2.467500000000000071e+01
2.469999999999999929e+01
2.472500000000000142e+01
2.475000000000000000e+01
2.477499999999999858e+01
2.480000000000000071e+01
2.482499999999999929e+01
2.485000000000000142e+01
2.487500000000000000e+01
2.489999999999999858e+01
2.492500000000000071e+01
2.494999999999999929e+01
2.497500000000000142e+01
2.500000000000000000e+01
2.502499999999999858e+01
2.505000000000000071e+01
2.507499999999999929e+01
2.510000000000000142e+01
2.512500000000000000e+01
2.514999999999999858e+01
2.517500000000000071e+01
2.519999999999999929e+01
2.522500000000000142e+01
2.525000000000000000e+01
2.527499999999999858e+01
2.530000000000000071e+01
2.532499999999999929e+01
2.535000000000000142e+01
2.537500000000000000e+01
2.539999999999999858e+01
2.542500000000000071e+01
2.544999999999999929e+01
2.547500000000000142e+01
2.550000000000000000e+01
2.552499999999999858e+01
2.555000000000000071e+01
2.557499999999999929e+01
2.560000000000000142e+01
2.562500000000000000e+01
2.564999999999999858e+01
2.567500000000000071e+01
2.569999999999999929e+01
2.572500000000000142e+01
2.575000000000000000e+01
2.577499999999999858e+01
2.580000000000000071e+01
2.582499999999999929e+01
2.585000000000000142e+01
2.587500000000000000e+01
2.589999999999999858e+01
2.592500000000000071e+01
2.594999999999999929e+01
2.597500000000000142e+01
2.600000000000000000e+01
2.602499999999999858e+01
2.605000000000000071e+01
2.607499999999999929e+01
2.610000000000000142e+01
2.612500000000000000e+01
2.614999999999999858e+01
2.617500000000000071e+01
2.619999999999999929e+01
2.622500000000000142e+01
2.625000000000000000e+01
2.627499999999999858e+01
2.630000000000000071e+01
2.632499999999999929e+01
2.635000000000000142e+01
2.637500000000000000e+01
2.639999999999999858e+01
2.642500000000000071e+01
2.644999999999999929e+01
2.647500000000000142e+01
2.650000000000000000e+01
2.652499999999999858e+01
2.655000000000000071e+01
2.657499999999999929e+01
2.660000000000000142e+01
2.662500000000000000e+01
2.664999999999999858e+01
2.667500000000000071e+01
2.669999999999999929e+01
2.672500000000000142e+01
2.675000000000000000e+01
2.677499999999999858e+01
2.680000000000000071e+01
2.682499999999999929e+01
2.685000000000000142e+01
2.687500000000000000e+01
2.689999999999999858e+01
2.692500000000000071e+01
2.694999999999999929e+01
2.697500000000000142e+01
2.700000000000000000e+01
2.702499999999999858e+01
2.705000000000000071e+01
2.707499999999999929e+01
2.710000000000000142e+01
2.712500000000000000e+01
2.714999999999999858e+01
2.717500000000000071e+01
2.719999999999999929e+01
2.722500000000000142e+01
2.725000000000000000e+01
2.727499999999999858e+01
2.730000000000000071e+01
2.732499999999999929e+01
2.735000000000000142e+01
2.737500000000000000e+01
2.739999999999999858e+01
2.742500000000000071e+01
2.744999999999999929e+01
2.747500000000000142e+01
2.750000000000000000e+01
2.752499999999999858e+01
2.755000000000000071e+01
2.757499999999999929e+01
2.760000000000000142e+01
2.762500000000000000e+01
2.764999999999999858e+01
2.767500000000000071e+01
2.769999999999999929e+01
2.772500000000000142e+01
2.775000000000000000e+01
2.777499999999999858e+01
2.780000000000000071e+01
2.782499999999999929e+01
2.785000000000000142e+01
2.787500000000000000e+01
2.789999999999999858e+01
2.792500000000000071e+01
2.794999999999999929e+01
2.797500000000000142e+01
2.800000000000000000e+01
2.802499999999999858e+01
2.805000000000000071e+01
2.807499999999999929e+01
2.810000000000000142e+01
2.812500000000000000e+01
2.814999999999999858e+01
2.817500000000000071e+01
2.819999999999999929e+01
2.822500000000000142e+01
2.825000000000000000e+01
2.827499999999999858e+01
2.830000000000000071e+01
2.832499999999999929e+01
2.835000000000000142e+01
2.837500000000000000e+01
2.839999999999999858e+01
2.842500000000000071e+01
2.844999999999999929e+01
2.847500000000000142e+01
2.850000000000000000e+01
2.852499999999999858e+01
2.855000000000000071e+01
2.857499999999999929e+01
2.860000000000000142e+01
2.862500000000000000e+01
2.864999999999999858e+01
2.867500000000000071e+01
2.869999999999999929e+01
2.872500000000000142e+01
2.875000000000000000e+01
2.877499999999999858e+01
2.880000000000000071e+01
2.882499999999999929e+01
2.885000000000000142e+01
2.887500000000000000e+01
2.889999999999999858e+01
2.892500000000000071e+01
2.894999999999999929e+01
2.897500000000000142e+01
2.900000000000000000e+01
2.902499999999999858e+01
2.905000000000000071e+01
2.907499999999999929e+01
2.910000000000000142e+01
2.912500000000000000e+01
2.914999999999999858e+01
2.917500000000000071e+01
2.919999999999999929e+01
2.922500000000000142e+01
2.925000000000000000e+01
2.927499999999999858e+01
2.930000000000000071e+01
2.932499999999999929e+01
2.935000000000000142e+01
2.937500000000000000e+01
2.939999999999999858e+01
2.942500000000000071e+01
2.944999999999999929e+01
2.947500000000000142e+01
2.950000000000000000e+01
2.952499999999999858e+01
2.955000000000000071e+01
2.957499999999999929e+01
2.960000000000000142e+01
2.962500000000000000e+01
2.964999999999999858e+01
2.967500000000000071e+01
2.969999999999999929e+01
2.972500000000000142e+01
2.975000000000000000e+01
2.977499999999999858e+01
2.980000000000000071e+01
2.982499999999999929e+01
2.985000000000000142e+01
2.987500000000000000e+01
2.989999999999999858e+01
2.992500000000000071e+01
2.994999999999999929e+01
2.997500000000000142e+01
3.000000000000000000e+01
3.002499999999999858e+01
3.005000000000000071e+01
3.007499999999999929e+01
3.010000000000000142e+01
3.012500000000000000e+01
3.014999999999999858e+01
3.017500000000000071e+01
3.019999999999999929e+01
3.022500000000000142e+01
3.025000000000000000e+01
3.027499999999999858e+01
3.030000000000000071e+01
3.032499999999999929e+01
3.035000000000000142e+01
3.037500000000000000e+01
3.039999999999999858e+01
3.042500000000000071e+01
3.044999999999999929e+01
3.047500000000000142e+01
3.050000000000000000e+01
3.052499999999999858e+01
3.055000000000000071e+01
3.057499999999999929e+01
3.060000000000000142e+01
3.062500000000000000e+01
3.064999999999999858e+01
3.067500000000000071e+01
3.069999999999999929e+01
3.072500000000000142e+01
3.075000000000000000e+01
3.077499999999999858e+01
3.080000000000000071e+01
3.082499999999999929e+01
3.085000000000000142e+01
3.087500000000000000e+01
3.089999999999999858e+01
3.092500000000000071e+01
3.094999999999999929e+01
3.097500000000000142e+01
3.100000000000000000e+01
3.102499999999999858e+01
3.105000000000000071e+01
3.107499999999999929e+01
3.110000000000000142e+01
3.112500000000000000e+01
3.114999999999999858e+01
3.117500000000000071e+01
3.119999999999999929e+01
3.122500000000000142e+01
3.125000000000000000e+01
3.127499999999999858e+01
3.130000000000000071e+01
3.132499999999999929e+01
3.135000000000000142e+01
3.137500000000000000e+01
3.139999999999999858e+01
3.142500000000000071e+01
3.144999999999999929e+01
3.147500000000000142e+01
3.150000000000000000e+01
3.152499999999999858e+01
3.155000000000000071e+01
3.157499999999999929e+01
3.160000000000000142e+01
3.162500000000000000e+01
3.164999999999999858e+01
3.167500000000000071e+01
3.169999999999999929e+01
3.172500000000000142e+01
3.175000000000000000e+01
3.177499999999999858e+01
3.180000000000000071e+01
3.182499999999999929e+01
3.185000000000000142e+01
3.187500000000000000e+01
3.189999999999999858e+01
3.192500000000000071e+01
3.194999999999999929e+01
3.197500000000000142e+01
3.200000000000000000e+01
3.202499999999999858e+01
3.204999999999999716e+01
3.207500000000000284e+01
3.210000000000000142e+01
3.212500000000000000e+01
3.214999999999999858e+01
3.217499999999999716e+01
3.220000000000000284e+01
3.222500000000000142e+01
3.225000000000000000e+01
3.227499999999999858e+01
3.229999999999999716e+01
3.232500000000000284e+01
3.235000000000000142e+01
3.237500000000000000e+01
3.239999999999999858e+01
3.242499999999999716e+01
3.245000000000000284e+01
3.247500000000000142e+01
3.250000000000000000e+01
3.252499999999999858e+01
3.254999999999999716e+01
3.257500000000000284e+01
3.260000000000000142e+01
3.262500000000000000e+01
3.264999999999999858e+01
3.267499999999999716e+01
3.270000000000000284e+01
3.272500000000000142e+01
3.275000000000000000e+01
3.277499999999999858e+01
3.279999999999999716e+01
3.282500000000000284e+01
3.285000000000000142e+01
3.287500000000000000e+01
3.289999999999999858e+01
3.292499999999999716e+01
3.295000000000000284e+01
3.297500000000000142e+01
3.300000000000000000e+01
3.302499999999999858e+01
3.304999999999999716e+01
3.307500000000000284e+01
3.310000000000000142e+01
3.312500000000000000e+01
3.314999999999999858e+01
3.317499999999999716e+01
3.320000000000000284e+01
3.322500000000000142e+01
3.325000000000000000e+01
3.327499999999999858e+01
3.329999999999999716e+01
3.332500000000000284e+01
3.335000000000000142e+01
3.337500000000000000e+01
3.339999999999999858e+01
3.342499999999999716e+01
3.345000000000000284e+01
3.347500000000000142e+01
3.350000000000000000e+01
3.352499999999999858e+01
3.354999999999999716e+01
3.357500000000000284e+01
3.360000000000000142e+01
3.362500000000000000e+01
3.364999999999999858e+01
3.367499999999999716e+01
3.370000000000000284e+01
3.372500000000000142e+01
3.375000000000000000e+01
3.377499999999999858e+01
3.379999999999999716e+01
3.382500000000000284e+01
3.385000000000000142e+01
3.387500000000000000e+01
3.389999999999999858e+01
3.392499999999999716e+01
3.395000000000000284e+01
3.397500000000000142e+01
3.400000000000000000e+01
3.402499999999999858e+01
3.404999999999999716e+01
3.407500000000000284e+01
3.410000000000000142e+01
3.412500000000000000e+01
3.414999999999999858e+01
3.417499999999999716e+01
3.420000000000000284e+01
3.422500000000000142e+01
3.425000000000000000e+01
3.427499999999999858e+01
3.429999999999999716e+01
3.432500000000000284e+01
3.435000000000000142e+01
3.437500000000000000e+01
3.439999999999999858e+01
3.442499999999999716e+01
3.445000000000000284e+01
3.447500000000000142e+01
3.450000000000000000e+01
3.452499999999999858e+01
3.454999999999999716e+01
3.457500000000000284e+01
3.460000000000000142e+01
3.462500000000000000e+01
3.464999999999999858e+01
3.467499999999999716e+01
3.470000000000000284e+01
3.472500000000000142e+01
3.475000000000000000e+01
3.477499999999999858e+01
3.479999999999999716e+01
3.482500000000000284e+01
3.485000000000000142e+01
3.487500000000000000e+01
3.489999999999999858e+01
3.492499999999999716e+01
3.495000000000000284e+01
3.497500000000000142e+01
3.500000000000000000e+01
3.502499999999999858e+01
3.504999999999999716e+01
3.507500000000000284e+01
3.510000000000000142e+01
3.512500000000000000e+01
3.514999999999999858e+01
3.517499999999999716e+01
3.520000000000000284e+01
3.522500000000000142e+01
3.525000000000000000e+01
3.527499999999999858e+01
3.529999999999999716e+01
3.532500000000000284e+01
3.535000000000000142e+01
3.537500000000000000e+01
3.539999999999999858e+01
3.542499999999999716e+01
3.545000000000000284e+01
3.547500000000000142e+01
3.550000000000000000e+01
3.552499999999999858e+01
3.554999999999999716e+01
3.557500000000000284e+01
3.560000000000000142e+01
3.562500000000000000e+01
3.564999999999999858e+01
3.567499999999999716e+01
3.570000000000000284e+01
3.572500000000000142e+01
3.575000000000000000e+01
3.577499999999999858e+01
3.579999999999999716e+01
3.582500000000000284e+01
3.585000000000000142e+01
3.587500000000000000e+01
3.589999999999999858e+01
3.592499999999999716e+01
3.595000000000000284e+01
3.597500000000000142e+01
3.600000000000000000e+01
3.602499999999999858e+01
3.604999999999999716e+01
3.607500000000000284e+01
3.610000000000000142e+01
3.612500000000000000e+01
3.614999999999999858e+01
3.617499999999999716e+01
3.620000000000000284e+01
3.622500000000000142e+01
3.625000000000000000e+01
3.627499999999999858e+01
3.629999999999999716e+01
3.632500000000000284e+01
3.635000000000000142e+01
3.637500000000000000e+01
3.639999999999999858e+01
3.642499999999999716e+01
3.645000000000000284e+01
3.647500000000000142e+01
3.650000000000000000e+01
3.652499999999999858e+01
3.654999999999999716e+01
3.657500000000000284e+01
3.660000000000000142e+01
3.662500000000000000e+01
3.664999999999999858e+01
3.667499999999999716e+01
3.670000000000000284e+01
3.672500000000000142e+01
3.675000000000000000e+01
3.677499999999999858e+01
3.679999999999999716e+01
3.682500000000000284e+01
3.685000000000000142e+01
3.687500000000000000e+01
3.689999999999999858e+01
3.692499999999999716e+01
3.695000000000000284e+01
3.697500000000000142e+01
3.700000000000000000e+01
3.702499999999999858e+01
3.704999999999999716e+01
3.707500000000000284e+01
3.710000000000000142e+01
3.712500000000000000e+01
3.714999999999999858e+01
3.717499999999999716e+01
3.720000000000000284e+01
3.722500000000000142e+01
3.725000000000000000e+01
3.727499999999999858e+01
3.729999999999999716e+01
3.732500000000000284e+01
3.735000000000000142e+01
3.737500000000000000e+01
3.739999999999999858e+01
3.742499999999999716e+01
3.745000000000000284e+01
3.747500000000000142e+01
3.750000000000000000e+01
3.752499999999999858e+01
3.754999999999999716e+01
3.757500000000000284e+01
3.760000000000000142e+01
3.762500000000000000e+01
3.764999999999999858e+01
3.767499999999999716e+01
3.770000000000000284e+01
3.772500000000000142e+01
3.775000000000000000e+01
3.777499999999999858e+01
3.779999999999999716e+01
3.782500000000000284e+01
3.785000000000000142e+01
3.787500000000000000e+01
3.789999999999999858e+01
3.792499999999999716e+01
3.795000000000000284e+01
3.797500000000000142e+01
3.800000000000000000e+01
3.802499999999999858e+01
3.804999999999999716e+01
3.807500000000000284e+01
3.810000000000000142e+01
3.812500000000000000e+01
3.814999999999999858e+01
3.817499999999999716e+01
3.820000000000000284e+01
3.822500000000000142e+01
3.825000000000000000e+01
3.827499999999999858e+01
3.829999999999999716e+01
3.832500000000000284e+01
3.835000000000000142e+01
3.837500000000000000e+01
3.839999999999999858e+01
3.842499999999999716e+01
3.845000000000000284e+01
3.847500000000000142e+01
3.850000000000000000e+01
3.852499999999999858e+01
3.854999999999999716e+01
3.857500000000000284e+01
3.860000000000000142e+01
3.862500000000000000e+01
3.864999999999999858e+01
3.867499999999999716e+01
3.870000000000000284e+01
3.872500000000000142e+01
3.875000000000000000e+01
3.877499999999999858e+01
3.879999999999999716e+01
3.882500000000000284e+01
3.885000000000000142e+01
3.887500000000000000e+01
3.889999999999999858e+01
3.892499999999999716e+01
3.895000000000000284e+01
3.897500000000000142e+01
3.900000000000000000e+01
3.902499999999999858e+01
3.904999999999999716e+01
3.907500000000000284e+01
3.910000000000000142e+01
3.912500000000000000e+01
3.914999999999999858e+01
3.917499999999999716e+01
3.920000000000000284e+01
3.922500000000000142e+01
3.925000000000000000e+01
3.927499999999999858e+01
3.929999999999999716e+01
3.932500000000000284e+01
3.935000000000000142e+01
3.937500000000000000e+01
3.939999999999999858e+01
3.942499999999999716e+01
3.945000000000000284e+01
3.947500000000000142e+01
3.950000000000000000e+01
3.952499999999999858e+01
3.954999999999999716e+01
3.957500000000000284e+01
3.960000000000000142e+01
3.962500000000000000e+01
3.964999999999999858e+01
3.967499999999999716e+01
3.970000000000000284e+01
3.972500000000000142e+01
3.975000000000000000e+01
3.977499999999999858e+01
3.979999999999999716e+01
3.982500000000000284e+01
3.985000000000000142e+01
3.987500000000000000e+01
3.989999999999999858e+01
3.992499999999999716e+01
3.995000000000000284e+01
3.997500000000000142e+01
4.000000000000000000e+01
4.002499999999999858e+01
4.004999999999999716e+01
4.007500000000000284e+01
4.010000000000000142e+01
4.012500000000000000e+01
4.014999999999999858e+01
4.017499999999999716e+01
4.020000000000000284e+01
4.022500000000000142e+01
4.025000000000000000e+01
4.027499999999999858e+01
4.029999999999999716e+01
4.032500000000000284e+01
4.035000000000000142e+01
4.037500000000000000e+01
4.039999999999999858e+01
4.042499999999999716e+01
4.045000000000000284e+01
4.047500000000000142e+01
4.050000000000000000e+01
4.052499999999999858e+01
4.054999999999999716e+01
4.057500000000000284e+01
4.060000000000000142e+01
4.062500000000000000e+01
4.064999999999999858e+01
4.067499999999999716e+01
4.070000000000000284e+01
4.072500000000000142e+01
4.075000000000000000e+01
4.077499999999999858e+01
4.079999999999999716e+01
4.082500000000000284e+01
4.085000000000000142e+01
4.087500000000000000e+01
4.089999999999999858e+01
4.092499999999999716e+01
4.095000000000000284e+01
4.097500000000000142e+01
4.100000000000000000e+01
4.102499999999999858e+01
4.104999999999999716e+01
4.107500000000000284e+01
4.110000000000000142e+01
4.112500000000000000e+01
4.114999999999999858e+01
4.117499999999999716e+01
4.120000000000000284e+01
4.122500000000000142e+01
4.125000000000000000e+01
4.127499999999999858e+01
4.129999999999999716e+01
4.132500000000000284e+01
4.135000000000000142e+01
4.137500000000000000e+01
4.139999999999999858e+01
4.142499999999999716e+01
4.145000000000000284e+01
4.147500000000000142e+01
4.150000000000000000e+01
4.152499999999999858e+01
4.154999999999999716e+01
4.157500000000000284e+01
4.160000000000000142e+01
4.162500000000000000e+01
4.164999999999999858e+01
4.167499999999999716e+01
4.170000000000000284e+01
4.172500000000000142e+01
4.175000000000000000e+01
4.177499999999999858e+01
4.179999999999999716e+01
4.182500000000000284e+01
4.185000000000000142e+01
4.187500000000000000e+01
4.189999999999999858e+01
4.192499999999999716e+01
4.195000000000000284e+01
4.197500000000000142e+01
4.200000000000000000e+01
4.202499999999999858e+01
4.204999999999999716e+01
4.207500000000000284e+01
4.210000000000000142e+01
4.212500000000000000e+01
4.214999999999999858e+01
4.217499999999999716e+01
4.220000000000000284e+01
4.222500000000000142e+01
4.225000000000000000e+01
4.227499999999999858e+01
4.229999999999999716e+01
4.232500000000000284e+01
4.235000000000000142e+01
4.237500000000000000e+01
4.239999999999999858e+01
4.242499999999999716e+01
4.245000000000000284e+01
4.247500000000000142e+01
4.250000000000000000e+01
4.252499999999999858e+01
4.254999999999999716e+01
4.257500000000000284e+01
4.260000000000000142e+01
4.262500000000000000e+01
4.264999999999999858e+01
4.267499999999999716e+01
4.270000000000000284e+01
4.272500000000000142e+01
4.275000000000000000e+01
4.277499999999999858e+01
4.279999999999999716e+01
4.282500000000000284e+01
4.285000000000000142e+01
4.287500000000000000e+01
4.289999999999999858e+01
4.292499999999999716e+01
4.295000000000000284e+01
4.297500000000000142e+01
4.300000000000000000e+01
4.302499999999999858e+01
4.304999999999999716e+01
4.307500000000000284e+01
4.310000000000000142e+01
4.312500000000000000e+01
4.314999999999999858e+01
4.317499999999999716e+01
4.320000000000000284e+01
4.322500000000000142e+01
4.325000000000000000e+01
4.327499999999999858e+01
4.329999999999999716e+01
4.332500000000000284e+01
4.335000000000000142e+01
4.337500000000000000e+01
4.339999999999999858e+01
4.342499999999999716e+01
4.345000000000000284e+01
4.347500000000000142e+01
4.350000000000000000e+01
4.352499999999999858e+01
4.354999999999999716e+01
4.357500000000000284e+01
4.360000000000000142e+01
4.362500000000000000e+01
4.364999999999999858e+01
4.367499999999999716e+01
4.370000000000000284e+01
4.372500000000000142e+01
4.375000000000000000e+01
4.377499999999999858e+01
4.379999999999999716e+01
4.382500000000000284e+01
4.385000000000000142e+01
4.387500000000000000e+01
4.389999999999999858e+01
4.392499999999999716e+01
4.395000000000000284e+01
4.397500000000000142e+01
4.400000000000000000e+01
4.402499999999999858e+01
4.404999999999999716e+01
4.407500000000000284e+01
4.410000000000000142e+01
4.412500000000000000e+01
4.414999999999999858e+01
4.417499999999999716e+01
4.420000000000000284e+01
4.422500000000000142e+01
4.425000000000000000e+01
4.427499999999999858e+01
4.429999999999999716e+01
4.432500000000000284e+01
4.435000000000000142e+01
4.437500000000000000e+01
4.439999999999999858e+01
4.442499999999999716e+01
4.445000000000000284e+01
4.447500000000000142e+01
4.450000000000000000e+01
4.452499999999999858e+01
4.454999999999999716e+01
4.457500000000000284e+01
4.460000000000000142e+01
4.462500000000000000e+01
4.464999999999999858e+01
4.467499999999999716e+01
4.470000000000000284e+01
4.472500000000000142e+01
4.475000000000000000e+01
4.477499999999999858e+01
4.479999999999999716e+01
4.482500000000000284e+01
4.485000000000000142e+01
4.487500000000000000e+01
4.489999999999999858e+01
4.492499999999999716e+01
4.495000000000000284e+01
4.497500000000000142e+01
4.500000000000000000e+01
4.502499999999999858e+01
4.504999999999999716e+01
4.507500000000000284e+01
4.510000000000000142e+01
4.512500000000000000e+01
4.514999999999999858e+01
4.517499999999999716e+01
4.520000000000000284e+01
4.522500000000000142e+01
4.525000000000000000e+01
4.527499999999999858e+01
4.529999999999999716e+01
4.532500000000000284e+01
4.535000000000000142e+01
4.537500000000000000e+01
4.539999999999999858e+01
4.542499999999999716e+01
4.545000000000000284e+01
4.547500000000000142e+01
4.550000000000000000e+01
4.552499999999999858e+01
4.554999999999999716e+01
4.557500000000000284e+01
4.560000000000000142e+01
4.562500000000000000e+01
4.564999999999999858e+01
4.567499999999999716e+01
4.570000000000000284e+01
4.572500000000000142e+01
4.575000000000000000e+01
4.577499999999999858e+01
4.579999999999999716e+01
4.582500000000000284e+01
4.585000000000000142e+01
4.587500000000000000e+01
4.589999999999999858e+01
4.592499999999999716e+01
4.595000000000000284e+01
4.597500000000000142e+01
4.600000000000000000e+01
4.602499999999999858e+01
4.604999999999999716e+01
4.607500000000000284e+01
4.610000000000000142e+01
4.612500000000000000e+01
4.614999999999999858e+01
4.617499999999999716e+01
4.620000000000000284e+01
4.622500000000000142e+01
4.625000000000000000e+01
4.627499999999999858e+01
4.629999999999999716e+01
4.632500000000000284e+01
4.635000000000000142e+01
4.637500000000000000e+01
4.639999999999999858e+01
4.642499999999999716e+01
4.645000000000000284e+01
4.647500000000000142e+01
4.650000000000000000e+01
4.652499999999999858e+01
4.654999999999999716e+01
4.657500000000000284e+01
4.660000000000000142e+01
4.662500000000000000e+01
4.664999999999999858e+01
4.667499999999999716e+01
4.670000000000000284e+01
4.672500000000000142e+01
4.675000000000000000e+01
4.677499999999999858e+01
4.679999999999999716e+01
4.682500000000000284e+01
4.685000000000000142e+01
4.687500000000000000e+01
4.689999999999999858e+01
4.692499999999999716e+01
4.695000000000000284e+01
4.697500000000000142e+01
4.700000000000000000e+01
4.702499999999999858e+01
4.704999999999999716e+01
4.707500000000000284e+01
4.710000000000000142e+01
4.712500000000000000e+01
4.714999999999999858e+01
4.717499999999999716e+01
4.720000000000000284e+01
4.722500000000000142e+01
4.725000000000000000e+01
4.727499999999999858e+01
4.729999999999999716e+01
4.732500000000000284e+01
4.735000000000000142e+01
4.737500000000000000e+01
4.739999999999999858e+01
4.742499999999999716e+01
4.745000000000000284e+01
4.747500000000000142e+01
4.750000000000000000e+01
4.752499999999999858e+01
4.754999999999999716e+01
4.757500000000000284e+01
4.760000000000000142e+01
4.762500000000000000e+01
4.764999999999999858e+01
4.767499999999999716e+01
4.770000000000000284e+01
4.772500000000000142e+01
4.775000000000000000e+01
4.777499999999999858e+01
4.779999999999999716e+01
4.782500000000000284e+01
4.785000000000000142e+01
4.787500000000000000e+01
4.789999999999999858e+01
4.792499999999999716e+01
4.795000000000000284e+01
4.797500000000000142e+01
4.800000000000000000e+01
4.802499999999999858e+01
4.804999999999999716e+01
4.807500000000000284e+01
4.810000000000000142e+01
4.812500000000000000e+01
4.814999999999999858e+01
4.817499999999999716e+01
4.820000000000000284e+01
4.822500000000000142e+01
4.825000000000000000e+01
4.827499999999999858e+01
4.829999999999999716e+01
4.832500000000000284e+01
4.835000000000000142e+01
4.837500000000000000e+01
4.839999999999999858e+01
4.842499999999999716e+01
4.845000000000000284e+01
4.847500000000000142e+01
4.850000000000000000e+01
4.852499999999999858e+01
4.854999999999999716e+01
4.857500000000000284e+01
4.860000000000000142e+01
4.862500000000000000e+01
4.864999999999999858e+01
4.867499999999999716e+01
4.870000000000000284e+01
4.872500000000000142e+01
4.875000000000000000e+01
4.877499999999999858e+01
4.879999999999999716e+01
4.882500000000000284e+01
4.885000000000000142e+01
4.887500000000000000e+01
4.889999999999999858e+01
4.892499999999999716e+01
4.895000000000000284e+01
4.897500000000000142e+01
4.900000000000000000e+01
4.902499999999999858e+01
4.904999999999999716e+01
4.907500000000000284e+01
4.910000000000000142e+01
4.912500000000000000e+01
4.914999999999999858e+01
4.917499999999999716e+01
4.920000000000000284e+01
4.922500000000000142e+01
4.925000000000000000e+01
4.927499999999999858e+01
4.929999999999999716e+01
4.932500000000000284e+01
4.935000000000000142e+01
4.937500000000000000e+01
4.939999999999999858e+01
4.942499999999999716e+01
4.945000000000000284e+01
4.947500000000000142e+01
4.950000000000000000e+01
4.952499999999999858e+01
4.954999999999999716e+01
4.957500000000000284e+01
4.960000000000000142e+01
4.962500000000000000e+01
4.964999999999999858e+01
4.967499999999999716e+01
4.970000000000000284e+01
4.972500000000000142e+01
4.975000000000000000e+01
4.977499999999999858e+01
4.979999999999999716e+01
4.982500000000000284e+01
4.985000000000000142e+01
4.987500000000000000e+01
4.989999999999999858e+01
4.992499999999999716e+01
4.995000000000000284e+01
